dataset=data\toy
mode=serial
threads=1
schedule=dynamic
top_k=10
orders=7
prior_rows=6
train_rows=4
products=4
users=4
prior_baskets=4
unique_pairs=3
pair_events=4
load_ms=0.000
cooccur_compute_ms=0.000
merge_ms=0.000
adjacency_ms=0.000
recommend_ms=0.000
evaluate_ms=0.000
algorithm_ms=0.000
end_to_end_ms=0.000
hit_rate_at_10=0.666666666667
recall_at_10=0.500000000000
cooccur_checksum=8245034075226207037
recommendation_checksum=6286369242441534757
sample_user_1=1,2,3
sample_user_2=2,1,3
